x[0]=0.00706909
x[1]=0.0116202
x[2]=0.0148504
x[3]=0.0171728
x[4]=0.018795
x[5]=0.0198291
x[6]=0.0203369
x[7]=0.0203469
x[8]=0.0198598
x[9]=0.0188458
x[10]=0.0172386
x[11]=0.0149192
x[12]=0.0116771
x[13]=0.00710089
x[14]=0.0116069
x[15]=0.0199923
x[16]=0.0261094
x[17]=0.0305755
x[18]=0.0337186
x[19]=0.0357309
x[20]=0.0367177
x[21]=0.036737
x[22]=0.0357908
x[23]=0.0338248
x[24]=0.0307194
x[25]=0.0262662
x[26]=0.0201194
x[27]=0.0116774
x[28]=0.0148152
x[29]=0.0260255
x[30]=0.0345056
x[31]=0.0407992
x[32]=0.0453197
x[33]=0.0481934
x[34]=0.0496038
x[35]=0.0496301
x[36]=0.0482764
x[37]=0.0454719
x[38]=0.0410626
x[39]=0.0347924
x[40]=0.0262678
x[41]=0.0149205
x[42]=0.0171186
x[43]=0.030448
x[44]=0.0402732
x[45]=0.0484885
x[46]=0.05407
x[47]=0.0576481
x[48]=0.0594051
x[49]=0.0594347
x[50]=0.057742
x[51]=0.0542469
x[52]=0.048779
x[53]=0.041067
x[54]=0.0307245
x[55]=0.0172418
x[56]=0.0187422
x[57]=0.0335843
x[58]=0.0451861
x[59]=0.0539806
x[60]=0.0603544
x[61]=0.0644465
x[62]=0.0664608
x[63]=0.0664896
x[64]=0.0645365
x[65]=0.060517
x[66]=0.0542561
x[67]=0.0454845
x[68]=0.0338361
x[69]=0.0188523
x[70]=0.0197897
x[71]=0.0356638
x[72]=0.0481195
x[73]=0.0575963
x[74]=0.0644238
x[75]=0.0688482
x[76]=0.0710283
x[77]=0.0710528
x[78]=0.068923
x[79]=0.0645524
x[80]=0.0577664
x[81]=0.0483021
x[82]=0.0358116
x[83]=0.0198714
x[84]=0.0203143
x[85]=0.0366794
x[86]=0.0495618
x[87]=0.0593705
x[88]=0.0664402
x[89]=0.0710202
x[90]=0.073278
x[91]=0.0732969
x[92]=0.0710764
x[93]=0.0665292
x[94]=0.0594817
x[95]=0.0496752
x[96]=0.036772
x[97]=0.020366
x[98]=0.0203339
x[99]=0.0367146
x[100]=0.0496045
x[101]=0.0594118
x[102]=0.0664732
x[103]=0.0710437
x[104]=0.0732934
x[105]=0.0733069
x[106]=0.0710829
x[107]=0.0665335
x[108]=0.0594844
x[109]=0.0496768
x[110]=0.0367729
x[111]=0.0203664
x[112]=0.0198521
x[113]=0.0357772
x[114]=0.0482603
x[115]=0.0577267
x[116]=0.0645243
x[117]=0.0689148
x[118]=0.0710719
x[119]=0.0710812
x[120]=0.0689414
x[121]=0.0645643
x[122]=0.057774
x[123]=0.0483068
x[124]=0.0358143
x[125]=0.0198727
x[126]=0.0188411
x[127]=0.0338164
x[128]=0.0454616
x[129]=0.0542365
x[130]=0.0605081
x[131]=0.0645459
x[132]=0.066525
x[133]=0.0665312
x[134]=0.0645635
x[135]=0.0605344
x[136]=0.0542673
x[137]=0.0454915
x[138]=0.0338401
x[139]=0.0188542
x[140]=0.0172357
x[141]=0.0307141
x[142]=0.0410559
x[143]=0.048772
x[144]=0.0542498
x[145]=0.0577615
x[146]=0.0594781
x[147]=0.0594822
x[148]=0.0577729
x[149]=0.0542668
x[150]=0.0487918
x[151]=0.041075
x[152]=0.0307291
x[153]=0.0172439
x[154]=0.0149174
x[155]=0.0262629
x[156]=0.0347882
x[157]=0.0410625
x[158]=0.0454803
x[159]=0.0482986
x[160]=0.0496725
x[161]=0.049675
x[162]=0.0483058
x[163]=0.0454909
x[164]=0.0410748
x[165]=0.0348
x[166]=0.0262722
x[167]=0.0149225
x[168]=0.011676
x[169]=0.0201174
x[170]=0.0262653
x[171]=0.0307218
x[172]=0.0338335
x[173]=0.0358094
x[174]=0.0367702
x[175]=0.0367717
x[176]=0.0358135
x[177]=0.0338397
x[178]=0.0307289
x[179]=0.0262722
x[180]=0.0201228
x[181]=0.011679
x[182]=0.0071004
x[183]=0.0116765
x[184]=0.0149194
x[185]=0.0172405
x[186]=0.0188511
x[187]=0.0198703
x[188]=0.0203651
x[189]=0.0203658
x[190]=0.0198722
x[191]=0.0188539
x[192]=0.0172438
x[193]=0.0149225
x[194]=0.0116789
x[195]=0.00710175
